10 0.0011451244354248047
11 0.0013980865478515625
12 0.0007832050323486328
13 0.0008742809295654297
14 0.001844644546508789
15 0.000995635986328125
16 0.0010457038879394531
17 0.0012192726135253906
18 0.001237630844116211
19 0.0014004707336425781
20 0.0013535022735595703
21 0.001468658447265625
22 0.00148773193359375
23 0.0017001628875732422
24 0.0018587112426757812
25 0.0031502246856689453
26 0.0020389556884765625
27 0.0037550926208496094
28 0.0021903514862060547
29 0.002266407012939453
30 0.0023839473724365234
31 0.0026230812072753906
32 0.002719402313232422
33 0.0029020309448242188
34 0.003068685531616211
35 0.0032770633697509766
36 0.0033922195434570312
37 0.0035800933837890625
38 0.0038650035858154297
39 0.008751630783081055
40 0.00421595573425293
41 0.006524801254272461
42 0.005464076995849609
43 0.005635976791381836
44 0.006025791168212891
45 0.012391328811645508
46 0.012378215789794922
47 0.009289979934692383
48 0.006350040435791016
49 0.0065953731536865234
50 0.00937199592590332
51 0.007242918014526367
52 0.056787729263305664
53 0.008058786392211914
54 0.010552406311035156
55 0.00971674919128418
56 0.009090185165405273
57 0.009975433349609375
58 0.00948643684387207
59 0.009976387023925781
60 0.011200904846191406
61 0.017141342163085938
62 0.013978958129882812
63 0.01227426528930664
64 0.014193534851074219
65 0.01351165771484375
66 0.013960838317871094
67 0.014972448348999023
68 0.015465736389160156
69 0.015874862670898438
70 0.015243053436279297
71 0.01761794090270996
72 0.01761651039123535
73 0.020421743392944336
74 0.018639326095581055
75 0.019382953643798828
76 0.020380258560180664
77 0.024704933166503906
78 0.02246713638305664
79 0.0221405029296875
80 0.023694515228271484
81 0.022964954376220703
82 0.02788233757019043
83 0.025255441665649414
84 0.0303192138671875
85 0.028516769409179688
86 0.028736352920532227
87 0.031366586685180664
88 0.029251575469970703
89 0.029690027236938477
90 0.030585289001464844
91 0.031095266342163086
92 0.03286337852478027
93 0.038756608963012695
94 0.03565788269042969
95 0.04631686210632324
96 0.03549671173095703
97 0.0363001823425293
98 0.04051470756530762
99 0.04013395309448242
