10 0.5830485820770264
11 0.7508735656738281
12 1.0134062767028809
13 1.2968380451202393
14 1.640852689743042
15 2.0282645225524902
16 2.5071659088134766
17 2.938516855239868
18 3.520146369934082
19 4.171595096588135
20 4.979709625244141
21 5.756669521331787
22 6.676563501358032
23 8.018139839172363
24 9.289740800857544
25 10.086366653442383
26 11.204629898071289
27 12.641380548477173
28 14.525402545928955
29 15.469701051712036
30 17.213548183441162
31 19.501427173614502
32 20.947845935821533
33 22.956161975860596
34 25.258083820343018
35 27.70209288597107
36 30.195210218429565
37 32.58533763885498
38 35.542129039764404
39 38.28466844558716
40 41.37592792510986
41 44.556119441986084
42 48.40004277229309
43 58.51046442985535
44 60.591312885284424
45 71.24737453460693
46 67.00009441375732
47 69.87616205215454
48 74.58543372154236
49 81.58840274810791
50 88.13156151771545
51 97.9657552242279
52 127.7077910900116
53 128.91601514816284
54 131.55859422683716
55 132.0943636894226
56 124.15166354179382
57 136.12871170043945
58 150.10282707214355
59 151.42453122138977
60 163.91964077949524
61 167.762761592865
62 173.90968465805054
63 188.3715546131134
64 196.89458084106445
65 205.5769898891449
66 209.95659732818604
67 231.02766633033752
68 262.197785615921
69 240.91722893714905
70 248.6069746017456
71 254.5497703552246
72 274.642459154129
73 266.9055163860321
74 279.1927375793457
75 290.42032384872437
76 293.7285506725311
77 314.68033170700073
78 320.3463923931122
79 331.6162269115448
80 346.9223623275757
81 358.70797777175903
82 372.81187891960144
83 386.3835325241089
84 399.9635000228882
85 413.0567626953125
86 429.9591317176819
87 446.2440984249115
88 462.0674293041229
89 475.4104013442993
90 493.1627049446106
91 512.0456233024597
92 547.2209734916687
93 602.8617677688599
94 598.0034499168396
95 609.4629566669464
96 640.6589319705963
97 634.9305477142334
98 684.0651702880859
99 702.1152174472809
