10 1.2837104797363281
11 1.3949711322784424
12 1.5217773914337158
13 1.6488142013549805
14 1.7755804061889648
15 1.902552604675293
16 2.0297276973724365
17 2.1564815044403076
18 2.2840006351470947
19 2.4112260341644287
20 2.5467662811279297
21 2.6680514812469482
22 2.7934799194335938
23 2.920605421066284
24 3.047602891921997
25 3.1751272678375244
26 3.302764654159546
27 3.43727970123291
28 3.5637600421905518
29 3.687778949737549
30 3.8164103031158447
31 3.9523370265960693
32 4.073728322982788
33 4.203024864196777
34 4.3362672328948975
35 4.464283466339111
36 4.596806287765503
37 4.722628831863403
38 4.85380220413208
39 4.9843430519104
40 5.115422010421753
41 5.244813680648804
42 5.377121925354004
43 5.506407022476196
44 5.640127658843994
45 5.771460056304932
46 5.9051353931427
47 6.036213159561157
48 6.169776201248169
49 6.306447982788086
50 6.446021556854248
51 6.582653760910034
52 6.716660976409912
53 6.845117807388306
54 6.985198259353638
55 7.111134052276611
56 7.244712829589844
57 7.381066799163818
58 7.520666122436523
59 7.658047437667847
60 7.800485134124756
61 7.935891151428223
62 8.076421976089478
63 8.214479684829712
64 8.3473539352417
65 8.4816575050354
66 8.664053201675415
67 8.806758880615234
68 8.953167915344238
69 9.097768783569336
70 9.241645336151123
71 9.386876821517944
72 9.531879425048828
73 9.677956342697144
74 9.829334020614624
75 9.968988180160522
76 10.123577117919922
77 10.275031328201294
78 10.42475938796997
79 10.575172662734985
80 10.709044694900513
81 10.86879277229309
82 11.032691717147827
83 11.190478563308716
84 11.360167741775513
85 11.5198974609375
86 11.688738107681274
87 11.83535623550415
88 11.98676347732544
89 12.144598960876465
90 12.333593130111694
91 12.48774242401123
92 12.663536071777344
93 12.822417497634888
94 12.984843254089355
95 13.15200924873352
96 13.294397830963135
97 13.465246677398682
98 13.800543546676636
99 13.96114993095398
100 14.167656660079956
101 14.289023876190186
102 14.470176219940186
103 14.642000198364258
104 14.820592403411865
105 15.003257989883423
106 15.202848672866821
107 15.384341478347778
108 15.594481229782104
109 15.799237966537476
110 15.959540128707886
111 16.160473585128784
112 16.324140310287476
113 16.47657060623169
114 16.751476287841797
115 16.948256731033325
116 17.171307802200317
117 17.357402801513672
118 17.57706570625305
119 17.788673162460327
120 17.988407135009766
121 18.197753190994263
122 18.454731702804565
123 18.651271104812622
124 18.910966873168945
125 19.11228585243225
126 19.335091590881348
127 19.547111749649048
128 19.716219663619995
129 19.92642831802368
130 20.5332612991333
131 20.74431538581848
132 21.031360626220703
133 21.269042253494263
134 21.51344656944275
135 21.75471806526184
136 22.00050187110901
137 22.23692750930786
138 22.51647186279297
139 22.764169216156006
140 23.073014974594116
141 23.314513444900513
142 23.61064124107361
143 23.84497904777527
144 23.961211919784546
145 24.207916021347046
146 24.691590309143066
147 25.004876613616943
148 25.365965843200684
149 25.573852062225342
150 25.891246557235718
151 26.156686067581177
152 26.459102392196655
153 26.70559000968933
154 27.094112157821655
155 27.42030644416809
156 27.760217428207397
157 28.005669355392456
158 28.369384288787842
159 28.772194623947144
160 28.845673084259033
161 29.085285425186157
162 30.394396543502808
163 30.845839977264404
164 31.050342559814453
165 31.29530429840088
166 31.711537837982178
167 32.04258584976196
168 32.40287733078003
169 32.70925211906433
170 33.16455602645874
171 33.559455156326294
172 34.14591646194458
173 34.35584998130798
174 35.2361478805542
175 35.06603693962097
176 35.1377317905426
177 35.504679918289185
178 36.597851514816284
179 36.79730987548828
180 37.24070739746094
181 37.67680358886719
182 38.12643074989319
183 38.499821186065674
184 39.00464987754822
185 39.32834005355835
186 39.93508005142212
187 40.250001192092896
188 40.83890128135681
189 41.16475009918213
190 42.093090295791626
191 42.25092625617981
192 42.34476065635681
193 42.66667675971985
194 43.66009497642517
195 44.17909622192383
196 44.59952688217163
197 45.11828970909119
198 45.73813796043396
199 46.17705512046814
200 47.446701526641846
201 47.870373487472534
202 47.68889021873474
203 48.249953746795654
204 48.77597141265869
205 49.42069458961487
206 49.7781822681427
207 50.389506578445435
208 50.4572913646698
209 51.016457319259644
210 51.98300528526306
211 52.68187475204468
212 53.15677285194397
213 53.6035430431366
214 54.24363112449646
215 55.07231831550598
216 55.491716623306274
217 55.90193581581116
218 56.620272159576416
219 57.21240305900574
220 57.886528968811035
221 58.46934700012207
222 59.313387870788574
223 59.78585720062256
224 60.53980779647827
225 60.99176239967346
226 62.20132851600647
227 62.58780550956726
228 63.21220684051514
229 63.99781513214111
230 64.83273553848267
231 65.62926268577576
232 66.35608792304993
