50 0.034215450286865234
60 0.002408266067504883
70 0.0045087337493896484
80 0.005405426025390625
90 0.007318735122680664
100 0.003420591354370117
110 0.01001429557800293
120 0.008512735366821289
130 0.007807016372680664
140 0.007238626480102539
150 0.006477832794189453
160 0.0058934688568115234
170 0.00760340690612793
180 0.0096435546875
190 0.00796961784362793
200 0.012352943420410156
210 0.00806879997253418
220 0.011466503143310547
230 0.006825685501098633
240 0.017154932022094727
250 0.018111705780029297
260 0.009046554565429688
270 0.010598421096801758
280 0.010426521301269531
290 0.008720636367797852
300 0.03560781478881836
310 0.010271787643432617
320 0.01054835319519043
330 0.018386363983154297
340 0.012314319610595703
350 0.020589113235473633
360 0.015505313873291016
370 0.01974344253540039
380 0.017355918884277344
390 0.01668834686279297
400 0.01874685287475586
410 0.022193193435668945
420 0.02414083480834961
430 0.025799274444580078
440 0.022396087646484375
450 0.01937580108642578
460 0.026046037673950195
470 0.022773027420043945
480 0.021647930145263672
490 0.02402663230895996
500 0.020226001739501953
