50 0.8543591499328613
60 1.4461455345153809
70 2.3301591873168945
80 3.9246578216552734
90 5.110288619995117
100 6.879769802093506
110 10.387256383895874
120 12.903793573379517
130 15.67281985282898
140 20.720203399658203
150 25.720813512802124
160 29.778493881225586
170 37.11587953567505
180 43.114973306655884
190 47.17546486854553
200 59.14385461807251
210 69.53614377975464
220 76.83379673957825
230 92.55599617958069
240 103.15416359901428
250 119.76085948944092
260 135.36383318901062
270 144.23957681655884
280 163.969731092453
290 193.62167167663574
300 207.92728781700134
310 237.4127058982849
320 262.81667280197144
330 264.5096297264099
340 316.4515516757965
350 352.9385726451874
360 370.4771475791931
370 385.63097190856934
380 407.05748081207275
390 456.026554107666
400 503.8366746902466
410 554.5597758293152
420 602.7213191986084
430 637.4790363311768
440 692.1309566497803
450 745.3471040725708
460 798.4905002117157
470 849.4045360088348
480 824.7234127521515
490 883.7308406829834
500 918.956297159195
