50 1.20432710647583
60 1.3265271186828613
70 1.66664457321167
80 1.9167454242706299
90 2.163655996322632
100 2.6748263835906982
110 3.000257730484009
120 3.1894781589508057
130 3.8263630867004395
140 4.345082759857178
150 4.696515798568726
160 5.00227689743042
170 5.708796501159668
180 6.106119632720947
190 6.5739428997039795
200 7.415298223495483
210 7.843546152114868
220 8.488570213317871
230 9.414835214614868
240 9.816421508789062
250 10.517040729522705
260 11.669029951095581
270 12.305840253829956
280 13.030963897705078
290 14.379608392715454
300 14.990760803222656
310 15.859296560287476
320 16.366075038909912
330 18.20549774169922
340 19.434325695037842
350 22.231080293655396
360 24.041741847991943
370 22.59768033027649
380 24.390612363815308
390 27.024352073669434
400 27.058504343032837
410 28.4136700630188
420 32.98660898208618
430 35.0723090171814
440 32.81081509590149
450 37.734610080718994
460 36.62477421760559
470 37.89075469970703
480 39.73702526092529
490 43.505403995513916
500 59.27882790565491
