50 0.0041697025299072266
51 0.004574298858642578
52 0.0049762725830078125
53 0.007297992706298828
54 0.0063250064849853516
55 0.005124330520629883
56 0.0053327083587646484
57 0.005688190460205078
58 0.005745887756347656
59 0.005950212478637695
60 0.006152629852294922
61 0.006261110305786133
62 0.006509542465209961
63 0.006699323654174805
64 0.006890773773193359
65 0.007590293884277344
66 0.007830619812011719
67 0.011688232421875
68 0.007970333099365234
69 0.009872913360595703
70 0.00858306884765625
71 0.008810281753540039
72 0.009027242660522461
73 0.009076595306396484
74 0.009733915328979492
75 0.009713888168334961
76 0.010326862335205078
77 0.010361671447753906
78 0.013527631759643555
79 0.010921716690063477
80 0.011234045028686523
81 0.011449575424194336
82 0.011658430099487305
83 0.011878252029418945
84 0.012145280838012695
85 0.01240849494934082
86 0.012802600860595703
87 0.014035940170288086
88 0.01340937614440918
89 0.013788700103759766
90 0.013921260833740234
91 0.014218568801879883
92 0.01499319076538086
93 0.014918804168701172
94 0.015378713607788086
95 0.016118764877319336
96 0.015973567962646484
97 0.016711950302124023
98 0.016614675521850586
99 0.016880273818969727
100 0.017127037048339844
101 0.01792144775390625
102 0.018286705017089844
103 0.018361568450927734
104 0.0190277099609375
105 0.01879572868347168
106 0.019195079803466797
107 0.021721601486206055
108 0.020096778869628906
109 0.020562410354614258
110 0.021277666091918945
111 0.021331787109375
112 0.02362990379333496
113 0.022191286087036133
114 0.022447824478149414
115 0.02271556854248047
116 0.023430585861206055
117 0.026242733001708984
118 0.02497100830078125
119 0.025800228118896484
120 0.02524423599243164
121 0.028830766677856445
122 0.028368473052978516
123 0.027055978775024414
124 0.026989221572875977
125 0.028336048126220703
126 0.02846527099609375
127 0.028429031372070312
128 0.030195951461791992
129 0.03012394905090332
130 0.030547380447387695
131 0.03042316436767578
132 0.03078627586364746
133 0.03277182579040527
134 0.032520294189453125
135 0.033179521560668945
136 0.03302645683288574
137 0.03425192832946777
138 0.034905433654785156
139 0.03466033935546875
140 0.03508925437927246
141 0.0355222225189209
142 0.03628230094909668
143 0.03675341606140137
144 0.03748297691345215
145 0.0368192195892334
146 0.03884720802307129
147 0.038933753967285156
148 0.03815412521362305
149 0.038810014724731445
150 0.040498971939086914
151 0.040001630783081055
152 0.04047250747680664
153 0.04019355773925781
154 0.041245222091674805
155 0.04243588447570801
156 0.04236555099487305
157 0.04339766502380371
158 0.043503761291503906
159 0.04330563545227051
160 0.0450901985168457
161 0.0448763370513916
162 0.04506325721740723
163 0.04578423500061035
164 0.04665255546569824
165 0.04678201675415039
166 0.04780220985412598
167 0.048492431640625
168 0.04864192008972168
169 0.04940032958984375
170 0.049962520599365234
171 0.05096745491027832
172 0.0522005558013916
173 0.055397987365722656
174 0.05300569534301758
175 0.05375933647155762
176 0.05459856986999512
177 0.053670406341552734
178 0.05580878257751465
179 0.054897308349609375
180 0.06889152526855469
181 0.07033324241638184
182 0.07132411003112793
183 0.07229256629943848
184 0.07290530204772949
185 0.07338738441467285
186 0.07455921173095703
187 0.08169150352478027
188 0.07828664779663086
189 0.07669258117675781
190 0.07802772521972656
191 0.07913899421691895
192 0.08085131645202637
193 0.08147406578063965
194 0.08760881423950195
195 0.08139443397521973
196 0.08274602890014648
197 0.08371210098266602
198 0.08617830276489258
199 0.0848546028137207
200 0.08860445022583008
201 0.08645844459533691
202 0.0893862247467041
203 0.08832383155822754
204 0.09103155136108398
205 0.08390188217163086
206 0.07484054565429688
207 0.07412838935852051
208 0.0751807689666748
209 0.07575678825378418
210 0.07634878158569336
211 0.07672858238220215
212 0.07819628715515137
213 0.08331823348999023
214 0.07999539375305176
215 0.08104157447814941
216 0.08085799217224121
217 0.0820763111114502
218 0.08232998847961426
219 0.0827016830444336
220 0.08546280860900879
221 0.08456587791442871
222 0.08693361282348633
223 0.08628058433532715
224 0.08916091918945312
225 0.08751201629638672
226 0.08968901634216309
227 0.08885622024536133
228 0.09101319313049316
229 0.09150290489196777
230 0.1075129508972168
231 0.1166231632232666
232 0.11751985549926758
233 0.11821436882019043
234 0.12094879150390625
235 0.12089896202087402
236 0.12148332595825195
237 0.12202835083007812
238 0.12309551239013672
239 0.12390327453613281
240 0.12620949745178223
241 0.12617135047912598
242 0.12900590896606445
243 0.12911272048950195
244 0.13023972511291504
245 0.13213014602661133
246 0.13304972648620605
247 0.10621309280395508
248 0.10680508613586426
249 0.10742950439453125
250 0.10851359367370605
251 0.10954546928405762
252 0.10969972610473633
253 0.11055111885070801
254 0.1120610237121582
255 0.1125936508178711
256 0.11286067962646484
257 0.11198568344116211
258 0.11553287506103516
259 0.11695051193237305
260 0.11774444580078125
261 0.1179039478302002
262 0.11850619316101074
263 0.12041330337524414
264 0.12061858177185059
265 0.14617419242858887
266 0.15223240852355957
267 0.15724539756774902
268 0.15643692016601562
269 0.15684032440185547
270 0.15931272506713867
271 0.1590878963470459
272 0.16066598892211914
273 0.16249895095825195
274 0.16531991958618164
275 0.16397833824157715
276 0.16563820838928223
277 0.16660475730895996
278 0.1362307071685791
279 0.13605666160583496
280 0.13903403282165527
281 0.13813996315002441
282 0.13912057876586914
283 0.1425473690032959
284 0.13965654373168945
285 0.14124631881713867
286 0.14184141159057617
287 0.1466066837310791
288 0.14540386199951172
289 0.14451289176940918
290 0.1514267921447754
291 0.14658784866333008
292 0.1679387092590332
293 0.19144558906555176
294 0.18626666069030762
295 0.18815231323242188
296 0.18880295753479004
297 0.19002628326416016
298 0.1919844150543213
299 0.1940770149230957
300 0.19393491744995117
301 0.19645404815673828
302 0.19701933860778809
303 0.16714191436767578
304 0.1636219024658203
305 0.16244745254516602
306 0.16365742683410645
307 0.16469478607177734
308 0.16551971435546875
309 0.167496919631958
310 0.16996312141418457
311 0.16847681999206543
312 0.17016983032226562
313 0.17069101333618164
314 0.1709003448486328
315 0.1725025177001953
316 0.17459607124328613
317 0.17502307891845703
318 0.17812466621398926
319 0.17862224578857422
320 0.1783161163330078
321 0.17978453636169434
322 0.18244123458862305
323 0.1820075511932373
324 0.18278002738952637
325 0.1843583583831787
326 0.1845088005065918
327 0.23273968696594238
328 0.23233437538146973
329 0.2351694107055664
330 0.2354264259338379
331 0.24030756950378418
332 0.23937487602233887
333 0.24613451957702637
334 0.24095535278320312
335 0.23152518272399902
336 0.19981789588928223
337 0.20045804977416992
338 0.2002270221710205
339 0.20157742500305176
340 0.20540928840637207
341 0.2042391300201416
342 0.2041492462158203
343 0.2062225341796875
344 0.2062985897064209
345 0.20995855331420898
346 0.21030116081237793
347 0.21009254455566406
348 0.2100675106048584
349 0.212111234664917
350 0.2185671329498291
351 0.21553397178649902
352 0.21541428565979004
353 0.21759748458862305
354 0.22353816032409668
355 0.2582066059112549
356 0.27552247047424316
357 0.2771170139312744
358 0.27725791931152344
359 0.2828812599182129
360 0.2813906669616699
361 0.28288698196411133
362 0.27050042152404785
363 0.2300255298614502
364 0.22954869270324707
365 0.23254656791687012
366 0.23470807075500488
367 0.23607230186462402
368 0.23568487167358398
369 0.23836636543273926
370 0.2395796775817871
371 0.24005913734436035
372 0.24236083030700684
373 0.24401164054870605
374 0.24695706367492676
375 0.24681878089904785
376 0.2460625171661377
377 0.24855494499206543
378 0.2504422664642334
379 0.25201988220214844
380 0.25869250297546387
381 0.2534313201904297
382 0.25647807121276855
383 0.2561302185058594
384 0.2570657730102539
385 0.2597484588623047
386 0.26229429244995117
387 0.26402902603149414
388 0.2638123035430908
389 0.2643575668334961
390 0.26738548278808594
391 0.27013421058654785
392 0.26892995834350586
393 0.2712230682373047
394 0.2685103416442871
395 0.2717573642730713
396 0.2725985050201416
397 0.27891993522644043
398 0.2749922275543213
399 0.2816445827484131
400 0.27905893325805664
401 0.28192615509033203
402 0.28218913078308105
403 0.284637451171875
404 0.28560686111450195
405 0.2874000072479248
406 0.287111759185791
407 0.2918882369995117
408 0.2937905788421631
409 0.2938692569732666
410 0.2923908233642578
411 0.29681396484375
412 0.29523372650146484
413 0.298633337020874
414 0.3090507984161377
415 0.3021728992462158
416 0.3027927875518799
417 0.3048534393310547
418 0.31293296813964844
419 0.30931711196899414
420 0.3111281394958496
421 0.3115053176879883
422 0.3105614185333252
423 0.31354403495788574
424 0.31405115127563477
425 0.31645965576171875
426 0.315091609954834
427 0.32081151008605957
428 0.31999778747558594
429 0.322418212890625
430 0.3226289749145508
431 0.3251354694366455
432 0.3252880573272705
433 0.3303401470184326
434 0.3270297050476074
435 0.3322312831878662
436 0.3371310234069824
437 0.33547282218933105
438 0.33346080780029297
439 0.33983373641967773
440 0.33640527725219727
441 0.3409430980682373
442 0.34285807609558105
443 0.3441751003265381
444 0.3424112796783447
445 0.34960341453552246
446 0.3483307361602783
447 0.3505125045776367
448 0.34897565841674805
449 0.3539853096008301
450 0.35140490531921387
451 0.35729146003723145
452 0.35562825202941895
453 0.3602464199066162
454 0.3605155944824219
455 0.3626725673675537
456 0.3613464832305908
457 0.3662526607513428
458 0.36424708366394043
459 0.37090373039245605
460 0.36960697174072266
461 0.3728902339935303
462 0.37718820571899414
463 0.3783104419708252
464 0.3758223056793213
465 0.3805973529815674
466 0.378537654876709
467 0.3841679096221924
468 0.3817276954650879
469 0.38715291023254395
470 0.3874518871307373
471 0.40914154052734375
472 0.4889092445373535
473 0.4180150032043457
474 0.40888404846191406
475 0.41330599784851074
476 0.41022419929504395
477 0.4196014404296875
478 0.41315507888793945
479 0.4199860095977783
480 0.4231400489807129
481 0.42424631118774414
482 0.4238779544830322
483 0.5052921772003174
484 0.5322659015655518
485 0.5338714122772217
486 0.5461893081665039
487 0.48578500747680664
488 0.4557638168334961
489 0.5210752487182617
490 0.4452247619628906
491 0.48284411430358887
492 0.5034892559051514
493 0.6974232196807861
494 0.4995748996734619
495 0.44069528579711914
496 0.48679161071777344
497 0.6387691497802734
498 0.5442545413970947
499 0.8042216300964355
500 0.4924592971801758
501 0.5601339340209961
502 0.6653807163238525
503 0.5430419445037842
504 0.6420326232910156
505 0.6228280067443848
506 0.6331062316894531
507 0.5221710205078125
508 0.48413562774658203
509 0.48230957984924316
510 0.4663705825805664
511 0.563197135925293
512 0.5765645503997803
513 0.5841865539550781
514 0.5607705116271973
515 0.4743766784667969
516 0.4726285934448242
517 0.5691063404083252
518 0.4803745746612549
519 0.7197678089141846
520 0.5950841903686523
521 0.600914716720581
522 0.509493350982666
523 0.4857757091522217
524 0.4844629764556885
525 0.4920060634613037
526 0.48763465881347656
527 0.49614548683166504
528 0.49745798110961914
529 0.4993746280670166
530 0.4968700408935547
531 0.5022857189178467
532 0.5020468235015869
533 0.5075440406799316
534 0.5063540935516357
535 0.5139343738555908
536 0.5071535110473633
537 0.5150847434997559
538 0.5149168968200684
539 0.5186536312103271
540 0.5152425765991211
541 0.522716760635376
542 0.5279035568237305
543 0.5254733562469482
544 0.5208597183227539
545 0.528369665145874
546 0.538372278213501
547 0.5401124954223633
548 0.5333938598632812
549 0.5413663387298584
550 0.540823221206665
551 0.5484619140625
552 0.5393269062042236
553 0.5461668968200684
554 0.5442986488342285
555 0.5517227649688721
556 0.5465805530548096
557 0.5578484535217285
558 0.5524406433105469
559 0.5576553344726562
560 0.5485644340515137
561 0.5436937808990479
562 0.557426929473877
563 0.5635848045349121
564 0.5639026165008545
565 0.5711655616760254
566 0.5687320232391357
567 0.5732579231262207
568 0.5684330463409424
569 0.5758790969848633
570 0.5713121891021729
571 0.5793709754943848
572 0.5759122371673584
573 0.5902419090270996
574 0.5807366371154785
575 0.5870273113250732
576 0.583817720413208
577 0.5928323268890381
578 0.5917308330535889
579 0.5950503349304199
580 0.5919528007507324
581 0.5996661186218262
582 0.5929110050201416
583 0.610328197479248
584 0.5975973606109619
585 0.608116626739502
586 0.60135817527771
587 0.6106536388397217
588 0.6104602813720703
589 0.6184608936309814
590 0.6146450042724609
591 0.6219897270202637
592 0.6181812286376953
593 0.6297163963317871
594 0.6272387504577637
595 0.6286725997924805
596 0.6319670677185059
597 0.6445746421813965
598 0.6302752494812012
599 0.6416158676147461
600 0.6450040340423584
601 0.644848108291626
602 0.6417994499206543
603 0.6494646072387695
604 0.6452045440673828
605 0.6536009311676025
606 0.6463499069213867
607 0.661407470703125
608 0.7405996322631836
609 0.6627018451690674
610 0.6538467407226562
611 0.6658110618591309
612 0.6726222038269043
613 0.6657490730285645
614 0.6676337718963623
615 0.6779458522796631
616 0.6702404022216797
617 0.6891427040100098
618 0.6684303283691406
619 0.6993799209594727
620 0.689805269241333
621 0.6895575523376465
622 0.6796905994415283
623 0.6928269863128662
624 0.6926445960998535
625 0.6938879489898682
626 0.6897821426391602
627 0.7059328556060791
628 0.7011606693267822
629 0.7035696506500244
630 0.7077913284301758
631 0.716994047164917
632 0.7070631980895996
633 0.7163636684417725
634 0.7071690559387207
635 0.716991662979126
636 0.8938472270965576
637 0.7284538745880127
638 0.7139892578125
639 0.7043042182922363
640 0.7197074890136719
641 0.7367100715637207
642 0.7245533466339111
643 0.7360622882843018
644 0.7307555675506592
645 0.7525668144226074
646 0.7320988178253174
647 0.8349146842956543
648 0.8274126052856445
649 0.7543203830718994
650 0.7398605346679688
651 0.7541184425354004
652 0.7481508255004883
653 0.762012243270874
654 0.7552783489227295
655 0.769860029220581
656 0.7566752433776855
657 0.7831418514251709
658 0.7638943195343018
659 0.7727482318878174
660 0.7664055824279785
661 0.7808802127838135
662 0.773841142654419
663 0.7846553325653076
664 0.7809910774230957
665 0.7891891002655029
666 0.7867658138275146
667 0.8009300231933594
668 0.8012001514434814
669 0.7966752052307129
670 0.7888946533203125
671 0.8006010055541992
672 0.7958676815032959
673 0.8042190074920654
674 0.8004305362701416
675 0.8105616569519043
676 0.8046228885650635
677 0.820544958114624
678 0.8296716213226318
679 0.8309428691864014
680 0.8153495788574219
681 0.8280539512634277
682 0.8287608623504639
683 0.8354437351226807
684 0.8232810497283936
685 0.8361990451812744
686 0.828557014465332
687 0.8527824878692627
688 0.8345174789428711
689 0.850217342376709
690 0.8384995460510254
691 0.8614225387573242
692 0.840672492980957
693 0.8523273468017578
694 0.8602633476257324
695 0.8627912998199463
696 0.8569068908691406
697 0.877549409866333
698 0.8633346557617188
699 0.8710577487945557
700 0.8584244251251221
701 0.8815629482269287
702 0.8730440139770508
703 0.8862266540527344
704 0.8754191398620605
705 0.8873317241668701
706 0.8783285617828369
707 0.8932125568389893
708 0.8803772926330566
709 0.8959546089172363
710 0.8892393112182617
711 0.903705358505249
712 0.8948895931243896
713 0.9034841060638428
714 0.9032866954803467
715 0.9097127914428711
716 0.9026527404785156
717 0.9205443859100342
718 0.9078195095062256
719 0.9162487983703613
720 0.9111316204071045
721 0.927797794342041
722 0.9162287712097168
723 0.9310777187347412
724 0.9352691173553467
725 0.9366869926452637
726 0.9273488521575928
727 0.9528698921203613
728 0.941483736038208
729 0.9460270404815674
730 0.9491937160491943
731 0.9563198089599609
732 0.950981855392456
733 0.9621684551239014
734 0.9293601512908936
735 0.9294369220733643
736 0.9533390998840332
737 0.9696013927459717
738 0.9607934951782227
739 0.9732117652893066
740 1.0435514450073242
741 1.0036544799804688
742 1.0185551643371582
743 0.9913792610168457
744 0.9813549518585205
745 0.9900989532470703
746 0.9833056926727295
747 0.9951229095458984
748 0.9888486862182617
749 1.0019409656524658
750 0.988196849822998
751 1.008249282836914
752 1.0016281604766846
753 1.0395941734313965
754 1.0095810890197754
755 1.018627643585205
756 1.0119366645812988
757 1.0237305164337158
758 1.0281286239624023
759 1.090399980545044
760 1.387852430343628
761 1.261451244354248
762 1.4253747463226318
763 1.8110599517822266
764 1.211728811264038
765 1.1207447052001953
766 1.1457879543304443
767 1.3270890712738037
768 1.4506804943084717
769 1.1007378101348877
770 1.2557525634765625
771 1.3118538856506348
772 1.0760571956634521
773 1.0865144729614258
774 1.0740132331848145
775 1.0879418849945068
776 1.0777292251586914
777 1.124164342880249
778 1.2554595470428467
779 1.7290081977844238
780 1.9196584224700928
781 1.8413527011871338
782 1.615079641342163
783 1.4398951530456543
784 1.7470526695251465
785 2.0530107021331787
786 1.980578899383545
787 1.6196284294128418
788 1.5711312294006348
789 1.7881195545196533
790 1.537144422531128
791 1.8669865131378174
792 1.732602834701538
793 1.991154670715332
794 1.6682889461517334
795 2.297792434692383
796 1.999687671661377
797 1.9928159713745117
798 1.8470714092254639
799 1.609452724456787
800 1.1752355098724365
801 1.1868336200714111
802 1.2410964965820312
803 1.2257740497589111
804 1.2164051532745361
805 1.212587833404541
806 1.41658353805542
807 1.1922938823699951
808 1.1969482898712158
809 1.2426488399505615
810 1.280848741531372
811 1.2184360027313232
812 1.2685918807983398
813 1.7202284336090088
814 1.3910503387451172
815 1.2337088584899902
816 1.2276082038879395
817 1.4568071365356445
818 1.2854230403900146
819 1.4131393432617188
820 1.399035930633545
821 1.4298512935638428
822 1.359147548675537
823 1.3039672374725342
824 1.3996765613555908
825 1.5155436992645264
826 1.477830171585083
827 1.6643459796905518
828 1.5376567840576172
829 1.2907068729400635
830 1.3197672367095947
831 1.3506591320037842
832 1.5935826301574707
833 1.4295783042907715
834 1.5205144882202148
835 1.3187384605407715
836 1.2699956893920898
837 1.2908883094787598
838 1.2875769138336182
839 1.3121097087860107
840 1.2806200981140137
841 1.3152048587799072
842 1.3071372509002686
843 1.3377649784088135
844 1.327481746673584
845 1.4052889347076416
846 1.331587791442871
847 1.3505427837371826
848 1.338085651397705
849 1.3574419021606445
850 1.3702282905578613
851 1.3533666133880615
852 1.343841791152954
853 1.367276668548584
854 1.347503423690796
855 1.382051706314087
856 1.3756687641143799
857 1.551060676574707
858 1.4002337455749512
859 1.4067652225494385
860 1.3780837059020996
861 1.42995023727417
862 1.4296553134918213
863 1.433713674545288
864 1.4410896301269531
865 1.6259129047393799
866 1.8368473052978516
867 1.4193627834320068
868 1.4866666793823242
869 1.4978630542755127
870 1.476428747177124
871 1.5062830448150635
872 1.511672019958496
873 1.5301845073699951
874 1.932786226272583
875 1.57057785987854
876 1.4166812896728516
877 1.4173295497894287
878 1.4839692115783691
879 1.6230263710021973
880 1.5669527053833008
881 1.5381495952606201
882 1.581540584564209
883 1.6405155658721924
884 1.4215593338012695
885 1.5233190059661865
886 1.5241191387176514
887 1.7359225749969482
888 1.606252908706665
889 1.5199227333068848
890 1.569335699081421
891 1.6239943504333496
892 1.6924958229064941
893 1.7272028923034668
894 1.4793963432312012
895 1.486790418624878
896 1.4782025814056396
897 1.5328755378723145
898 1.5890288352966309
899 1.7056677341461182
900 1.590791940689087
901 1.7387003898620605
902 1.4665868282318115
903 1.5022637844085693
904 1.4830310344696045
905 1.5072565078735352
906 1.75270676612854
907 1.7389698028564453
908 1.714489221572876
909 1.8520755767822266
910 1.730600357055664
911 1.637547492980957
912 1.565755844116211
913 1.5785393714904785
914 1.5947115421295166
915 1.5838487148284912
916 1.6033709049224854
917 1.683591604232788
918 1.6499440670013428
919 1.6098520755767822
920 1.5992748737335205
921 1.6570558547973633
922 1.6091911792755127
923 1.852306604385376
924 1.660282850265503
925 1.6785860061645508
926 1.6576776504516602
927 1.6616206169128418
928 1.6000120639801025
929 1.6206669807434082
930 1.6076455116271973
931 1.6389594078063965
932 1.6288256645202637
933 1.6710054874420166
934 1.602935552597046
935 1.6198043823242188
936 1.6270167827606201
937 2.324463367462158
938 2.2217085361480713
939 1.6149835586547852
940 1.8285448551177979
941 1.9112396240234375
942 1.6719601154327393
943 1.5923218727111816
944 1.6103920936584473
945 1.630866527557373
946 1.6153202056884766
947 1.6172699928283691
948 1.6068859100341797
949 1.7142865657806396
950 1.6422502994537354
951 1.639604091644287
952 2.134758234024048
953 2.197852611541748
954 2.1172597408294678
955 2.044335126876831
956 1.9778103828430176
957 1.984175205230713
958 1.707930564880371
959 1.7542634010314941
960 1.7470855712890625
961 1.738114595413208
962 1.827146053314209
963 1.8463470935821533
964 1.8573131561279297
965 1.8498642444610596
966 1.793813943862915
967 3.643685817718506
968 2.826303482055664
969 2.257087469100952
970 2.2550103664398193
971 2.4002013206481934
972 2.1636500358581543
973 2.0816314220428467
974 2.060120105743408
975 1.8496372699737549
976 1.864954948425293
977 1.8467588424682617
978 1.7658088207244873
979 1.7307112216949463
980 1.8041017055511475
981 1.8209052085876465
982 1.7634403705596924
983 1.786902666091919
984 1.7688579559326172
985 1.812178373336792
986 1.787571668624878
987 1.858872652053833
988 1.8302137851715088
989 1.814396619796753
990 1.8582539558410645
991 1.905625343322754
992 1.821223497390747
993 1.8918097019195557
994 1.769005298614502
995 1.830289602279663
996 1.8418715000152588
997 2.02274751663208
998 1.8342933654785156
999 2.0081043243408203
1000 1.8925445079803467
