50 0.3748893737792969
51 0.37204813957214355
52 0.3991992473602295
53 0.4447135925292969
54 0.49442481994628906
55 0.5344295501708984
56 0.6620078086853027
57 0.6599342823028564
58 0.714329719543457
59 0.769230842590332
60 0.8197579383850098
61 0.8608198165893555
62 0.9351880550384521
63 1.0008234977722168
64 1.1153652667999268
65 1.0999541282653809
66 1.1639835834503174
67 1.2208304405212402
68 1.2762534618377686
69 1.3516287803649902
70 1.4056212902069092
71 1.517214059829712
72 1.530756950378418
73 1.6690309047698975
74 1.6237914562225342
75 1.6939685344696045
76 1.7483015060424805
77 1.7972519397735596
78 1.849059820175171
79 1.9624366760253906
80 1.9846200942993164
81 2.0374577045440674
82 2.094916820526123
83 2.2474443912506104
84 2.1943633556365967
85 2.2627265453338623
50 0.0021724700927734375
51 0.00504755973815918
52 0.005383968353271484
53 0.005182027816772461
54 0.005349636077880859
55 0.0064792633056640625
56 0.004747867584228516
57 0.005609273910522461
58 0.005884885787963867
59 0.005857944488525391
60 0.0060541629791259766
61 0.006098270416259766
62 0.0063478946685791016
63 0.00620722770690918
64 0.0064280033111572266
65 0.0066187381744384766
66 0.006583213806152344
67 0.0067903995513916016
68 0.006859779357910156
69 0.006945610046386719
70 0.007028341293334961
71 0.007173061370849609
72 0.007273197174072266
73 0.008012771606445312
74 0.006440877914428711
75 0.00702667236328125
76 0.0069348812103271484
77 0.007134437561035156
78 0.007194995880126953
79 0.0073091983795166016
80 0.007349252700805664
81 0.00751805305480957
82 0.008624553680419922
83 0.008080005645751953
84 0.006374359130859375
85 0.007923603057861328
86 0.00810861587524414
87 0.007700204849243164
88 0.008184432983398438
89 0.008203744888305664
90 0.008347034454345703
91 0.008442878723144531
92 0.008476734161376953
93 0.008638381958007812
94 0.008671283721923828
95 0.00884556770324707
96 0.008910417556762695
97 0.009229421615600586
98 0.008854389190673828
99 0.009168386459350586
100 0.009194374084472656
101 0.009372472763061523
102 0.009532928466796875
103 0.009447336196899414
104 0.009669303894042969
105 0.009720563888549805
106 0.01021885871887207
107 0.009441852569580078
108 0.010236978530883789
109 0.0099029541015625
110 0.010929107666015625
111 0.009642362594604492
112 0.010431766510009766
113 0.010456323623657227
114 0.010486364364624023
115 0.010779857635498047
116 0.01169729232788086
117 0.00979924201965332
118 0.0109710693359375
119 0.011277198791503906
120 0.010923624038696289
121 0.011199951171875
122 0.011863470077514648
123 0.011386632919311523
124 0.011409997940063477
125 0.011687040328979492
126 0.011994600296020508
127 0.011487245559692383
128 0.012024164199829102
129 0.012041568756103516
130 0.012098073959350586
131 0.01220250129699707
132 0.012289047241210938
133 0.012329578399658203
134 0.01288461685180664
135 0.012230873107910156
136 0.012844562530517578
137 0.012406110763549805
138 0.012904167175292969
139 0.012965202331542969
140 0.013045310974121094
141 0.013260126113891602
142 0.013685226440429688
143 0.012897729873657227
144 0.013474464416503906
145 0.013707399368286133
146 0.013371467590332031
147 0.014034271240234375
148 0.01335000991821289
149 0.013974189758300781
150 0.014057397842407227
151 0.01395106315612793
152 0.014250993728637695
153 0.014202117919921875
154 0.01461172103881836
155 0.014810800552368164
156 0.01407170295715332
157 0.014449834823608398
158 0.01494598388671875
159 0.014653682708740234
160 0.014911174774169922
161 0.015036582946777344
162 0.015125036239624023
163 0.015299797058105469
164 0.015813350677490234
165 0.014883279800415039
166 0.015166759490966797
167 0.015616655349731445
168 0.01570916175842285
169 0.015778541564941406
170 0.0158843994140625
171 0.016763687133789062
172 0.01521158218383789
173 0.016384601593017578
174 0.016165733337402344
175 0.016469955444335938
176 0.01617574691772461
177 0.0166013240814209
178 0.016721487045288086
179 0.01651477813720703
180 0.01678609848022461
181 0.01717400550842285
182 0.01676344871520996
183 0.0172274112701416
184 0.018517017364501953
185 0.015913963317871094
186 0.017171382904052734
187 0.01797652244567871
188 0.017061233520507812
189 0.017739057540893555
190 0.02029728889465332
191 0.015227794647216797
192 0.018126964569091797
193 0.017786026000976562
50 0.007285118103027344
51 0.006968975067138672
52 0.0069103240966796875
53 0.007159709930419922
54 0.00726008415222168
55 0.0074503421783447266
56 0.007474422454833984
57 0.007531404495239258
58 0.007681846618652344
59 0.007806301116943359
60 0.007968664169311523
61 0.008056879043579102
62 0.008250951766967773
63 0.008301734924316406
64 0.00888514518737793
65 0.008690357208251953
66 0.008730173110961914
67 0.009100914001464844
68 0.009310245513916016
69 0.009729146957397461
70 0.009304523468017578
71 0.009336233139038086
72 0.009491920471191406
73 0.009650230407714844
74 0.009972333908081055
75 0.01085972785949707
76 0.010091304779052734
77 0.01268458366394043
78 0.01032400131225586
79 0.010425567626953125
80 0.010519266128540039
81 0.010654449462890625
82 0.010766267776489258
83 0.010960817337036133
84 0.011655092239379883
85 0.011424541473388672
86 0.011515617370605469
87 0.011741399765014648
88 0.011587858200073242
89 0.011696815490722656
90 0.011790275573730469
91 0.011940240859985352
92 0.012038469314575195
93 0.012497901916503906
94 0.012515544891357422
95 0.012493610382080078
96 0.012796401977539062
97 0.01279592514038086
98 0.012865781784057617
99 0.012974262237548828
100 0.013150930404663086
101 0.013358354568481445
102 0.013659238815307617
103 0.01354360580444336
104 0.013638496398925781
105 0.013921499252319336
106 0.01402592658996582
107 0.014030933380126953
108 0.014182567596435547
109 0.014543533325195312
110 0.014584064483642578
111 0.014710664749145508
112 0.014693975448608398
113 0.014812946319580078
114 0.014972925186157227
115 0.015098333358764648
116 0.015438318252563477
117 0.015311956405639648
118 0.015714168548583984
119 0.015685081481933594
120 0.015841245651245117
121 0.015986204147338867
122 0.01607966423034668
123 0.0164794921875
124 0.016254186630249023
125 0.016348600387573242
126 0.016669750213623047
127 0.016869306564331055
128 0.016931772232055664
129 0.01711893081665039
130 0.017791271209716797
131 0.017252445220947266
132 0.017368316650390625
133 0.017775297164916992
134 0.017698049545288086
135 0.018411874771118164
136 0.01824784278869629
137 0.018084287643432617
138 0.0182342529296875
139 0.018364429473876953
140 0.018983125686645508
141 0.01963329315185547
142 0.01880359649658203
143 0.018911123275756836
144 0.01905369758605957
145 0.019151687622070312
146 0.01926422119140625
147 0.020305395126342773
148 0.019800186157226562
149 0.019695281982421875
150 0.019812822341918945
151 0.019886493682861328
152 0.01999211311340332
153 0.021081209182739258
154 0.020464420318603516
155 0.020601749420166016
156 0.020718812942504883
157 0.020661592483520508
158 0.020943880081176758
159 0.021270275115966797
160 0.021233320236206055
161 0.02128458023071289
162 0.021358728408813477
163 0.02166152000427246
164 0.02158951759338379
165 0.02207040786743164
166 0.021966934204101562
167 0.022348403930664062
168 0.022337675094604492
169 0.022302627563476562
170 0.023007631301879883
171 0.022695064544677734
172 0.02281665802001953
173 0.02305126190185547
174 0.02293086051940918
175 0.023027658462524414
176 0.02340412139892578
177 0.023500680923461914
178 0.02367877960205078
179 0.023624897003173828
180 0.023797273635864258
181 0.024350404739379883
182 0.024709701538085938
183 0.024298906326293945
184 0.02421283721923828
185 0.024330615997314453
186 0.024949073791503906
187 0.024974822998046875
188 0.02502918243408203
189 0.02494502067565918
190 0.025060176849365234
191 0.02534937858581543
192 0.02562403678894043
193 0.025708436965942383
194 0.025635719299316406
195 0.025710582733154297
196 0.026249408721923828
197 0.026487112045288086
198 0.026143550872802734
199 0.026360511779785156
200 0.02666759490966797
201 0.02679920196533203
202 0.0267636775970459
203 0.02670431137084961
204 0.027384042739868164
205 0.026994943618774414
206 0.02747321128845215
207 0.027599096298217773
208 0.02836465835571289
209 0.02813720703125
210 0.028029918670654297
211 0.028287887573242188
212 0.02883291244506836
213 0.02826380729675293
214 0.02854299545288086
215 0.028719663619995117
216 0.029357433319091797
217 0.028778791427612305
218 0.029327869415283203
219 0.029185771942138672
220 0.029975175857543945
221 0.029210805892944336
222 0.029908418655395508
223 0.029633522033691406
224 0.030423879623413086
225 0.030077695846557617
226 0.030244827270507812
227 0.030315637588500977
228 0.031026601791381836
229 0.030353307723999023
230 0.03062891960144043
231 0.030835390090942383
232 0.031519174575805664
233 0.03098607063293457
234 0.0311586856842041
235 0.031258344650268555
236 0.03140139579772949
237 0.03139686584472656
238 0.031752824783325195
239 0.03184866905212402
240 0.03249049186706543
241 0.03365635871887207
242 0.03259539604187012
243 0.03232002258300781
244 0.032689809799194336
245 0.03251934051513672
246 0.032782554626464844
247 0.033082008361816406
248 0.033078908920288086
249 0.03306388854980469
250 0.0334165096282959
251 0.033530473709106445
252 0.03366827964782715
253 0.03464007377624512
254 0.0338597297668457
255 0.03477978706359863
256 0.03384137153625488
257 0.03406977653503418
258 0.03478860855102539
259 0.034488677978515625
260 0.03448939323425293
261 0.03489875793457031
262 0.035277605056762695
263 0.0353543758392334
264 0.035030364990234375
265 0.035410165786743164
266 0.03586268424987793
267 0.03553581237792969
268 0.0362246036529541
269 0.03621339797973633
270 0.035971879959106445
271 0.03659200668334961
272 0.03716731071472168
273 0.03638172149658203
274 0.03668642044067383
275 0.037432193756103516
276 0.03680610656738281
277 0.036910295486450195
278 0.03761601448059082
279 0.03707718849182129
280 0.03746628761291504
281 0.037827491760253906
282 0.03748130798339844
283 0.0378870964050293
284 0.03827095031738281
285 0.03789043426513672
286 0.03830122947692871
287 0.0384218692779541
288 0.038190364837646484
289 0.038735389709472656
290 0.038924217224121094
291 0.038684844970703125
292 0.039053916931152344
293 0.03933596611022949
294 0.03937959671020508
295 0.03951406478881836
296 0.04044032096862793
297 0.040429115295410156
298 0.04015064239501953
299 0.04013371467590332
300 0.03998875617980957
301 0.04053640365600586
302 0.040320634841918945
303 0.04027295112609863
304 0.04075908660888672
305 0.041152238845825195
306 0.04084467887878418
307 0.04159283638000488
308 0.041373491287231445
309 0.04150867462158203
310 0.04163098335266113
311 0.041718244552612305
312 0.0415959358215332
313 0.042137861251831055
314 0.04239916801452637
315 0.04198765754699707
316 0.04248166084289551
317 0.04244518280029297
318 0.04228615760803223
319 0.04295182228088379
320 0.043369293212890625
321 0.043816566467285156
322 0.04338550567626953
323 0.04341554641723633
324 0.04332399368286133
325 0.04358196258544922
326 0.04373812675476074
327 0.04365348815917969
328 0.04408860206604004
329 0.044211387634277344
330 0.04440617561340332
331 0.044441938400268555
332 0.04446697235107422
333 0.0443115234375
334 0.045008182525634766
335 0.044979095458984375
336 0.04529523849487305
337 0.04540300369262695
338 0.045257568359375
339 0.04522538185119629
340 0.04572606086730957
341 0.045789241790771484
342 0.045653581619262695
343 0.046071529388427734
344 0.04652905464172363
345 0.04594826698303223
346 0.04623723030090332
347 0.04645180702209473
348 0.046311378479003906
349 0.04687976837158203
350 0.04698514938354492
351 0.04678821563720703
352 0.04749870300292969
353 0.04747486114501953
354 0.04716968536376953
355 0.04788708686828613
356 0.047795772552490234
357 0.0475468635559082
358 0.0482790470123291
359 0.04824399948120117
360 0.04796004295349121
361 0.04854416847229004
362 0.04864764213562012
363 0.04854869842529297
364 0.04918336868286133
365 0.04947090148925781
366 0.04882454872131348
367 0.04976248741149902
368 0.04931163787841797
369 0.04937410354614258
370 0.04996490478515625
371 0.04990124702453613
372 0.05050301551818848
373 0.05085015296936035
374 0.05016517639160156
375 0.04999876022338867
376 0.050813913345336914
377 0.050272464752197266
378 0.05071067810058594
379 0.050987958908081055
380 0.050852060317993164
381 0.05087423324584961
382 0.05180025100708008
383 0.05144071578979492
384 0.052162885665893555
385 0.05155539512634277
386 0.052460670471191406
387 0.05240583419799805
388 0.05273270606994629
389 0.05231881141662598
390 0.053107261657714844
391 0.052603960037231445
392 0.053427696228027344
393 0.05276083946228027
394 0.054068565368652344
395 0.05285286903381348
396 0.05387234687805176
397 0.053281545639038086
398 0.053681373596191406
399 0.05326485633850098
400 0.05421280860900879
401 0.05364561080932617
402 0.054544925689697266
403 0.0544126033782959
404 0.05467724800109863
405 0.054164886474609375
406 0.05516314506530762
407 0.05443429946899414
408 0.0552372932434082
409 0.05459856986999512
410 0.0559084415435791
411 0.055220842361450195
412 0.055854082107543945
413 0.05527067184448242
414 0.056043386459350586
415 0.05562949180603027
416 0.05646061897277832
417 0.055745840072631836
418 0.05664491653442383
419 0.056038618087768555
420 0.057361602783203125
421 0.05891990661621094
422 0.057248830795288086
423 0.056714773178100586
424 0.05762743949890137
425 0.05735158920288086
426 0.05792069435119629
427 0.057308197021484375
428 0.05843400955200195
429 0.05739283561706543
430 0.05823397636413574
431 0.05759477615356445
432 0.058594703674316406
433 0.05806922912597656
434 0.058808088302612305
435 0.05813407897949219
436 0.05905294418334961
437 0.058600425720214844
438 0.05959367752075195
439 0.05875205993652344
440 0.05942726135253906
441 0.05904412269592285
442 0.059815406799316406
443 0.05928516387939453
444 0.06054091453552246
445 0.05946207046508789
446 0.060347557067871094
447 0.05962562561035156
448 0.060643672943115234
449 0.06026005744934082
450 0.06091761589050293
451 0.060228824615478516
452 0.061153411865234375
453 0.06092333793640137
454 0.0618748664855957
455 0.061033010482788086
456 0.06192207336425781
457 0.06132173538208008
458 0.06221175193786621
459 0.06166386604309082
460 0.0631554126739502
461 0.0623319149017334
462 0.06421136856079102
463 0.061934709548950195
464 0.06311440467834473
465 0.06220221519470215
466 0.06338644027709961
467 0.06260561943054199
468 0.06378746032714844
469 0.06282877922058105
470 0.06405520439147949
471 0.06354165077209473
472 0.06430506706237793
473 0.06345438957214355
474 0.06465768814086914
475 0.06398653984069824
476 0.06505274772644043
477 0.06479668617248535
478 0.06527900695800781
479 0.06408023834228516
480 0.06561422348022461
481 0.06435680389404297
482 0.06537795066833496
483 0.06465721130371094
484 0.06553363800048828
485 0.06491327285766602
486 0.0663442611694336
487 0.06540465354919434
488 0.06612777709960938
489 0.0657358169555664
490 0.06670284271240234
491 0.06589555740356445
492 0.06710529327392578
493 0.06611204147338867
494 0.0670468807220459
495 0.0664825439453125
496 0.0675663948059082
497 0.06679797172546387
498 0.06789827346801758
499 0.06693577766418457
500 0.0690152645111084
501 0.06764078140258789
502 0.06828474998474121
503 0.0676412582397461
504 0.06813263893127441
505 0.06777787208557129
506 0.0685110092163086
507 0.06837224960327148
508 0.06903195381164551
509 0.0683586597442627
510 0.06926202774047852
511 0.06916928291320801
512 0.06981039047241211
513 0.06887388229370117
514 0.07007312774658203
515 0.06950116157531738
516 0.07161140441894531
517 0.06947731971740723
518 0.07094621658325195
519 0.07011866569519043
520 0.07110023498535156
521 0.07047653198242188
522 0.07159805297851562
523 0.07030963897705078
524 0.0717167854309082
525 0.07077336311340332
526 0.07194256782531738
527 0.0708916187286377
528 0.07214117050170898
529 0.07123398780822754
530 0.07290434837341309
531 0.07161831855773926
532 0.07258772850036621
533 0.07187843322753906
534 0.07373285293579102
535 0.0723111629486084
536 0.07324004173278809
537 0.07212400436401367
538 0.07320976257324219
539 0.07253146171569824
540 0.07367515563964844
541 0.07299280166625977
542 0.07402968406677246
543 0.07329320907592773
544 0.07404303550720215
545 0.07321929931640625
546 0.07434368133544922
547 0.07375693321228027
548 0.07481217384338379
549 0.07372260093688965
550 0.07460880279541016
551 0.07402253150939941
552 0.0749521255493164
553 0.0743558406829834
554 0.0756831169128418
555 0.07512402534484863
556 0.07613325119018555
557 0.0753488540649414
558 0.07659339904785156
559 0.07530045509338379
560 0.07656264305114746
561 0.07547616958618164
562 0.07706451416015625
563 0.07591724395751953
564 0.07698464393615723
565 0.07605147361755371
566 0.07724213600158691
567 0.07645869255065918
568 0.07754826545715332
569 0.07719087600708008
570 0.07809615135192871
571 0.07697439193725586
572 0.07811474800109863
573 0.07726120948791504
574 0.07873940467834473
575 0.07747626304626465
576 0.07889389991760254
577 0.07791829109191895
578 0.07929015159606934
579 0.07836437225341797
580 0.07944464683532715
581 0.07872772216796875
582 0.0799098014831543
583 0.07897615432739258
584 0.0796973705291748
585 0.078948974609375
586 0.08009147644042969
587 0.07959151268005371
588 0.08044815063476562
589 0.07949542999267578
590 0.08070945739746094
591 0.07983565330505371
592 0.08099746704101562
593 0.08004379272460938
594 0.08154869079589844
595 0.08195972442626953
596 0.08206868171691895
597 0.08060908317565918
598 0.08193731307983398
599 0.08185648918151855
600 0.08334732055664062
601 0.08125066757202148
602 0.0823667049407959
603 0.08151531219482422
604 0.08263897895812988
605 0.08164715766906738
606 0.08304715156555176
607 0.08235049247741699
608 0.08321857452392578
609 0.08220696449279785
610 0.0833432674407959
611 0.08244585990905762
612 0.08421993255615234
613 0.08270120620727539
614 0.08394503593444824
615 0.08310341835021973
616 0.08438420295715332
617 0.08331131935119629
618 0.0850534439086914
619 0.08385205268859863
620 0.08504700660705566
621 0.08382940292358398
622 0.08501362800598145
623 0.08455657958984375
624 0.08483648300170898
625 0.08441638946533203
626 0.08532238006591797
627 0.0846254825592041
628 0.08553719520568848
629 0.0847311019897461
630 0.08641433715820312
631 0.08587765693664551
632 0.08643770217895508
633 0.08555746078491211
634 0.0868682861328125
635 0.08635425567626953
636 0.08709406852722168
637 0.08617377281188965
638 0.08739948272705078
639 0.08661246299743652
640 0.08744478225708008
641 0.08673548698425293
642 0.08791780471801758
643 0.08722758293151855
644 0.08765339851379395
645 0.08705282211303711
646 0.08804178237915039
647 0.08767127990722656
648 0.08846306800842285
649 0.08784866333007812
650 0.08881258964538574
651 0.08811593055725098
652 0.08904910087585449
653 0.08846616744995117
654 0.0893850326538086
655 0.09107613563537598
656 0.08960890769958496
657 0.08888721466064453
658 0.0912790298461914
659 0.08915328979492188
660 0.09010839462280273
661 0.08937740325927734
662 0.09038019180297852
663 0.0896749496459961
664 0.09067773818969727
665 0.09046316146850586
666 0.09126758575439453
667 0.09043669700622559
668 0.09101986885070801
669 0.09076166152954102
670 0.09201717376708984
671 0.09080743789672852
672 0.09207534790039062
673 0.09087300300598145
674 0.09200239181518555
675 0.09147047996520996
676 0.09262609481811523
677 0.09192919731140137
678 0.09319257736206055
679 0.09197092056274414
680 0.09366965293884277
681 0.09223008155822754
682 0.09350824356079102
683 0.09270143508911133
684 0.09371447563171387
685 0.09308695793151855
686 0.09453916549682617
687 0.09323334693908691
688 0.09443855285644531
689 0.09352421760559082
690 0.09516358375549316
691 0.09371519088745117
692 0.09505558013916016
693 0.09400439262390137
694 0.09511971473693848
695 0.09423279762268066
696 0.09554862976074219
697 0.09978961944580078
698 0.0958855152130127
699 0.09526252746582031
700 0.10616731643676758
701 0.09531307220458984
702 0.0959014892578125
703 0.09497809410095215
704 0.09642863273620605
705 0.09534192085266113
706 0.09637236595153809
707 0.09626221656799316
708 0.09711241722106934
709 0.09604668617248535
710 0.09684205055236816
711 0.0977325439453125
712 0.09769725799560547
713 0.09658694267272949
714 0.09763121604919434
715 0.09686994552612305
716 0.09796738624572754
717 0.09746456146240234
718 0.09800148010253906
719 0.09737801551818848
720 0.0985114574432373
721 0.09807276725769043
722 0.09864068031311035
723 0.09795975685119629
724 0.09883975982666016
725 0.09843063354492188
726 0.09925317764282227
727 0.0988624095916748
728 0.1008002758026123
729 0.0991971492767334
730 0.0996694564819336
731 0.09962320327758789
732 0.1002047061920166
733 0.09965348243713379
734 0.10020923614501953
735 0.10005974769592285
736 0.10069489479064941
737 0.10038232803344727
738 0.10093021392822266
739 0.10104227066040039
740 0.10083723068237305
741 0.1039273738861084
742 0.1013326644897461
743 0.1016695499420166
744 0.10257506370544434
745 0.10177087783813477
746 0.1021261215209961
747 0.10257363319396973
748 0.10259628295898438
749 0.10239744186401367
750 0.1033484935760498
751 0.10338878631591797
752 0.10343074798583984
753 0.10345196723937988
754 0.10358166694641113
755 0.10358881950378418
756 0.10384106636047363
757 0.10482263565063477
758 0.10445165634155273
759 0.10426998138427734
760 0.10509395599365234
761 0.10510373115539551
762 0.10451889038085938
763 0.10463190078735352
764 0.10474801063537598
765 0.104888916015625
766 0.10523486137390137
767 0.10513854026794434
768 0.10504674911499023
769 0.10578608512878418
770 0.10635662078857422
771 0.10573434829711914
772 0.10567975044250488
773 0.1058502197265625
774 0.10608744621276855
775 0.10668635368347168
776 0.10676908493041992
777 0.10667753219604492
778 0.10686683654785156
779 0.10767197608947754
780 0.10710430145263672
781 0.10784721374511719
782 0.10744833946228027
783 0.1073906421661377
784 0.10767197608947754
785 0.1099557876586914
786 0.10872769355773926
787 0.10810303688049316
788 0.10818266868591309
789 0.1092386245727539
790 0.10850811004638672
791 0.10861587524414062
792 0.10917401313781738
793 0.10915374755859375
794 0.1092066764831543
795 0.10894227027893066
796 0.10908269882202148
797 0.10950446128845215
798 0.10958647727966309
799 0.1092832088470459
800 0.10962271690368652
801 0.11014389991760254
802 0.1100153923034668
803 0.11078500747680664
804 0.11033868789672852
805 0.1104276180267334
806 0.11080670356750488
807 0.11247062683105469
808 0.11100602149963379
809 0.11086368560791016
810 0.11120891571044922
811 0.11106991767883301
812 0.11232709884643555
813 0.11219668388366699
814 0.111724853515625
815 0.11172986030578613
816 0.11246347427368164
817 0.1121683120727539
818 0.11246275901794434
819 0.11258721351623535
820 0.11257028579711914
821 0.1129598617553711
822 0.11293220520019531
823 0.11289644241333008
824 0.11288261413574219
825 0.11387205123901367
826 0.11330151557922363
827 0.11349201202392578
828 0.11371397972106934
829 0.11422252655029297
830 0.1146383285522461
831 0.11422157287597656
832 0.11414790153503418
833 0.11466503143310547
834 0.11464881896972656
835 0.11475467681884766
836 0.11496591567993164
837 0.11512064933776855
838 0.11528682708740234
839 0.11764812469482422
840 0.1158301830291748
841 0.11548566818237305
842 0.11592841148376465
843 0.11583113670349121
844 0.11589717864990234
845 0.11671328544616699
846 0.11606955528259277
847 0.11655712127685547
848 0.11643815040588379
849 0.11663389205932617
850 0.1166837215423584
851 0.1187295913696289
852 0.11718964576721191
853 0.11720442771911621
854 0.11747598648071289
855 0.11775588989257812
856 0.11913490295410156
857 0.11768174171447754
858 0.11844849586486816
859 0.11846661567687988
860 0.11804485321044922
861 0.1179800033569336
862 0.1182551383972168
863 0.1182413101196289
864 0.12050008773803711
865 0.11956262588500977
866 0.11878633499145508
867 0.11985659599304199
868 0.11952543258666992
869 0.11948347091674805
870 0.11985039710998535
871 0.11972165107727051
872 0.12052702903747559
873 0.12033653259277344
874 0.12020516395568848
875 0.12031245231628418
876 0.12084698677062988
877 0.12078452110290527
878 0.12090754508972168
879 0.12098193168640137
880 0.12180519104003906
881 0.12694644927978516
882 0.1216573715209961
883 0.12182807922363281
884 0.1218557357788086
885 0.12202215194702148
886 0.12194943428039551
887 0.12184929847717285
888 0.12199282646179199
889 0.12387537956237793
890 0.12307143211364746
891 0.12282085418701172
892 0.12356424331665039
893 0.1237020492553711
894 0.12271404266357422
895 0.12285137176513672
896 0.12324643135070801
897 0.12366628646850586
898 0.12376189231872559
899 0.1235055923461914
900 0.12455630302429199
901 0.12421083450317383
902 0.12451767921447754
903 0.12475967407226562
904 0.12470579147338867
905 0.12523174285888672
906 0.1250016689300537
907 0.12500691413879395
908 0.1256258487701416
909 0.1254115104675293
910 0.1250441074371338
911 0.12589240074157715
912 0.12585830688476562
913 0.12652373313903809
914 0.12658071517944336
915 0.12612366676330566
916 0.12672781944274902
917 0.1263282299041748
918 0.12676668167114258
919 0.127183198928833
920 0.12808918952941895
921 0.12737393379211426
922 0.1269369125366211
923 0.12699341773986816
924 0.12812042236328125
925 0.12761998176574707
926 0.1279621124267578
927 0.12978053092956543
928 0.12874984741210938
929 0.12941193580627441
930 0.12861108779907227
931 0.12892484664916992
932 0.13069844245910645
933 0.12902522087097168
934 0.12911725044250488
935 0.1290125846862793
936 0.12916111946105957
937 0.130418062210083
938 0.1293795108795166
939 0.129716157913208
940 0.12945771217346191
941 0.12951183319091797
942 0.12987422943115234
943 0.13013243675231934
944 0.13074874877929688
945 0.1302652359008789
946 0.1307239532470703
947 0.13145232200622559
948 0.13086318969726562
949 0.13106703758239746
950 0.13145160675048828
951 0.13197660446166992
952 0.13195347785949707
953 0.13203811645507812
954 0.13182425498962402
955 0.13225483894348145
956 0.1319570541381836
957 0.13215136528015137
958 0.1325845718383789
959 0.13379859924316406
960 0.13338398933410645
961 0.13294124603271484
962 0.1331193447113037
963 0.13266825675964355
964 0.13318490982055664
965 0.13315629959106445
966 0.1333179473876953
967 0.1338331699371338
968 0.1341392993927002
969 0.13365626335144043
970 0.1364116668701172
971 0.13388490676879883
972 0.13444232940673828
973 0.1342310905456543
974 0.13689613342285156
975 0.1347217559814453
976 0.1355886459350586
977 0.13633203506469727
978 0.13573288917541504
979 0.13550639152526855
980 0.13564133644104004
981 0.13577532768249512
982 0.13717317581176758
983 0.13631248474121094
984 0.1369457244873047
985 0.13655638694763184
986 0.1363835334777832
987 0.13686847686767578
988 0.1365983486175537
989 0.13781189918518066
990 0.1371910572052002
991 0.13736391067504883
992 0.13779950141906738
993 0.13767194747924805
994 0.13773560523986816
995 0.13773441314697266
996 0.13794398307800293
997 0.13808870315551758
998 0.1379103660583496
999 0.13829469680786133
1000 0.1384589672088623
