50 0.0019943714141845703
51 0.005120992660522461
52 0.005217075347900391
53 0.005302906036376953
54 0.005438566207885742
55 0.00554966926574707
56 0.005616903305053711
57 0.00601506233215332
58 0.005536317825317383
59 0.0058362483978271484
60 0.0061037540435791016
61 0.006070137023925781
62 0.0062711238861083984
63 0.006328105926513672
64 0.006509542465209961
65 0.0065860748291015625
66 0.0066165924072265625
67 0.008024930953979492
68 0.006949186325073242
69 0.005704164505004883
70 0.00873708724975586
71 0.0055315494537353516
72 0.008193016052246094
73 0.006402492523193359
74 0.007444620132446289
75 0.007424116134643555
76 0.006979227066040039
77 0.007068157196044922
78 0.0071947574615478516
79 0.007329702377319336
80 0.0073854923248291016
81 0.007475614547729492
82 0.007609844207763672
83 0.007798194885253906
84 0.0076541900634765625
85 0.007956266403198242
86 0.007947921752929688
87 0.008073806762695312
88 0.008063316345214844
89 0.008243799209594727
90 0.008344411849975586
91 0.008425474166870117
92 0.008538961410522461
93 0.008565902709960938
94 0.008784770965576172
95 0.009584665298461914
96 0.008043527603149414
97 0.009006261825561523
98 0.009081840515136719
99 0.00952601432800293
100 0.009063005447387695
101 0.009349346160888672
102 0.009619474411010742
103 0.009430408477783203
104 0.009662151336669922
105 0.009670495986938477
106 0.011980533599853516
107 0.007674694061279297
108 0.010152816772460938
109 0.010290145874023438
110 0.00994873046875
111 0.010371208190917969
112 0.01035451889038086
113 0.010620832443237305
114 0.010573148727416992
115 0.01062917709350586
116 0.011996746063232422
117 0.009708642959594727
118 0.010911226272583008
119 0.011072158813476562
120 0.011176109313964844
121 0.011370182037353516
122 0.011206388473510742
123 0.011476516723632812
124 0.011512279510498047
125 0.011597394943237305
126 0.011931657791137695
127 0.011504173278808594
128 0.011945486068725586
129 0.012084007263183594
130 0.012107610702514648
131 0.01217031478881836
132 0.012276411056518555
133 0.012453794479370117
134 0.012777328491210938
135 0.012343406677246094
136 0.01263117790222168
137 0.012504339218139648
138 0.012955665588378906
139 0.012964487075805664
140 0.012996435165405273
141 0.013098478317260742
142 0.013211250305175781
143 0.015653133392333984
144 0.011118173599243164
145 0.013719558715820312
146 0.01340627670288086
147 0.013551712036132812
148 0.013956069946289062
149 0.013853311538696289
150 0.013951301574707031
151 0.014177560806274414
152 0.014189720153808594
153 0.01409006118774414
154 0.014598846435546875
155 0.014333724975585938
156 0.014388084411621094
157 0.014548063278198242
158 0.015186548233032227
159 0.014556646347045898
160 0.01482534408569336
161 0.015024662017822266
162 0.01511526107788086
163 0.015411853790283203
164 0.015171051025390625
165 0.015871047973632812
166 0.015038728713989258
167 0.015532493591308594
168 0.015681743621826172
169 0.015789270401000977
170 0.0158233642578125
171 0.0158693790435791
172 0.016712427139282227
173 0.015659570693969727
174 0.01622605323791504
175 0.01639580726623535
176 0.016338586807250977
177 0.01674032211303711
178 0.016533851623535156
179 0.016632795333862305
180 0.017139673233032227
181 0.016663551330566406
182 0.016961097717285156
183 0.017025470733642578
184 0.017261505126953125
185 0.017378807067871094
186 0.017296314239501953
187 0.017385482788085938
188 0.01752448081970215
189 0.01762557029724121
190 0.017701148986816406
191 0.018238067626953125
192 0.017492055892944336
193 0.01798844337463379
194 0.018237590789794922
195 0.018095970153808594
196 0.01882791519165039
197 0.018123865127563477
198 0.018865585327148438
199 0.018069744110107422
200 0.018627166748046875
201 0.01875782012939453
202 0.019038677215576172
203 0.018956899642944336
204 0.01904010772705078
205 0.01917266845703125
206 0.019263744354248047
207 0.019306182861328125
208 0.019637584686279297
209 0.019444704055786133
210 0.019465208053588867
211 0.0197598934173584
212 0.019609689712524414
213 0.01981663703918457
214 0.02033400535583496
215 0.019938945770263672
216 0.020171403884887695
217 0.02024555206298828
218 0.020357131958007812
219 0.02039790153503418
220 0.0226137638092041
221 0.018634319305419922
222 0.02081608772277832
223 0.020988941192626953
224 0.020983219146728516
225 0.022047996520996094
226 0.020217418670654297
227 0.02155280113220215
228 0.020702123641967773
229 0.02194809913635254
230 0.021498441696166992
231 0.020959854125976562
232 0.021945953369140625
233 0.021724462509155273
234 0.021820783615112305
235 0.02222919464111328
236 0.02193474769592285
237 0.021993398666381836
238 0.022348403930664062
239 0.022287607192993164
240 0.022551774978637695
241 0.02245497703552246
242 0.02258014678955078
243 0.022833585739135742
244 0.022940635681152344
245 0.022786617279052734
246 0.02325916290283203
247 0.022886276245117188
248 0.02332162857055664
249 0.023174524307250977
250 0.02355670928955078
251 0.023529767990112305
252 0.023728609085083008
253 0.023689746856689453
254 0.023562908172607422
255 0.023754119873046875
256 0.024072885513305664
257 0.02375960350036621
258 0.02448105812072754
259 0.02400684356689453
260 0.024753570556640625
261 0.02401137351989746
262 0.024411439895629883
263 0.025034666061401367
264 0.024604082107543945
265 0.02459549903869629
266 0.02506232261657715
267 0.024691343307495117
268 0.025220632553100586
269 0.025296688079833984
270 0.025450706481933594
271 0.024935007095336914
272 0.02552485466003418
273 0.0255279541015625
274 0.02615809440612793
275 0.02539849281311035
276 0.02594280242919922
277 0.025815248489379883
278 0.026374101638793945
279 0.02567315101623535
280 0.026274919509887695
281 0.026154518127441406
282 0.027325153350830078
283 0.0257570743560791
284 0.026531457901000977
285 0.026709318161010742
286 0.027276039123535156
287 0.02619314193725586
288 0.027124881744384766
289 0.027136564254760742
290 0.027529239654541016
291 0.026764392852783203
292 0.027300119400024414
293 0.027583837509155273
294 0.028003692626953125
295 0.02713799476623535
296 0.027637243270874023
297 0.027859210968017578
298 0.028137922286987305
299 0.02767348289489746
300 0.028089523315429688
301 0.028108835220336914
302 0.028664112091064453
303 0.028136253356933594
304 0.02836894989013672
305 0.028509855270385742
306 0.02890920639038086
307 0.0285952091217041
308 0.031815528869628906
309 0.02585601806640625
310 0.029172420501708984
311 0.029002666473388672
312 0.029108524322509766
313 0.029161691665649414
314 0.029738903045654297
315 0.02923130989074707
316 0.029651880264282227
317 0.029679536819458008
318 0.030096054077148438
319 0.02991795539855957
320 0.02979302406311035
321 0.02994823455810547
322 0.030773162841796875
323 0.03248739242553711
324 0.027495622634887695
325 0.03045344352722168
326 0.030746936798095703
327 0.030466794967651367
328 0.030877113342285156
329 0.030635833740234375
330 0.03111863136291504
331 0.030684471130371094
332 0.031115055084228516
333 0.031144142150878906
334 0.03174233436584473
335 0.03127431869506836
336 0.03135037422180176
337 0.03150057792663574
338 0.03172159194946289
339 0.031966209411621094
340 0.03168225288391113
341 0.03227949142456055
342 0.03174543380737305
343 0.03212308883666992
344 0.03216814994812012
345 0.03236556053161621
346 0.03261137008666992
347 0.03246665000915527
348 0.032378196716308594
349 0.03277111053466797
350 0.033014535903930664
351 0.0324857234954834
352 0.033016204833984375
353 0.03306460380554199
354 0.03360486030578613
355 0.03270459175109863
356 0.03348422050476074
357 0.03360295295715332
358 0.0339047908782959
359 0.03324103355407715
360 0.0337214469909668
361 0.03378605842590332
362 0.034097909927368164
363 0.03396034240722656
364 0.036232948303222656
365 0.0320892333984375
366 0.034371137619018555
367 0.034841060638427734
368 0.03400015830993652
369 0.03446507453918457
370 0.035653114318847656
371 0.03368735313415527
372 0.034998178482055664
373 0.0362701416015625
374 0.033983469009399414
375 0.034978628158569336
376 0.03682446479797363
377 0.03379511833190918
378 0.035536766052246094
379 0.0375058650970459
380 0.0333552360534668
381 0.03589820861816406
382 0.03633904457092285
383 0.03523111343383789
384 0.03591346740722656
385 0.037079811096191406
386 0.03536057472229004
387 0.036205291748046875
388 0.03815197944641113
389 0.03454232215881348
390 0.03649282455444336
391 0.0389246940612793
392 0.034569740295410156
393 0.03686356544494629
394 0.03886818885803223
395 0.035221099853515625
396 0.03680562973022461
397 0.03906106948852539
398 0.03551626205444336
399 0.03764009475708008
400 0.0398716926574707
401 0.035130977630615234
402 0.03784990310668945
403 0.03950238227844238
404 0.035982370376586914
405 0.037978410720825195
406 0.039856672286987305
407 0.03661680221557617
408 0.038413047790527344
409 0.039278268814086914
410 0.03712153434753418
411 0.03843975067138672
412 0.0395050048828125
413 0.03807663917541504
414 0.03885030746459961
415 0.038993120193481445
416 0.03894495964050293
417 0.03892660140991211
418 0.03936481475830078
419 0.039159536361694336
420 0.03948974609375
421 0.0395357608795166
422 0.0395047664642334
423 0.03982734680175781
424 0.04437971115112305
425 0.0351710319519043
426 0.040212154388427734
427 0.039708614349365234
428 0.04018568992614746
429 0.04039335250854492
430 0.04055142402648926
431 0.03987622261047363
432 0.040694236755371094
433 0.04104971885681152
434 0.04027867317199707
435 0.04068732261657715
436 0.04119372367858887
437 0.04090452194213867
438 0.040882110595703125
439 0.041584014892578125
440 0.0411679744720459
441 0.04111957550048828
442 0.04174065589904785
443 0.0412297248840332
444 0.04157376289367676
445 0.04218792915344238
446 0.041420936584472656
447 0.0422513484954834
448 0.041851043701171875
449 0.04218316078186035
450 0.0432431697845459
451 0.041234493255615234
452 0.042226314544677734
453 0.04262518882751465
454 0.0427393913269043
455 0.04228401184082031
456 0.042877197265625
457 0.04320240020751953
458 0.0426175594329834
459 0.04303455352783203
460 0.043359994888305664
461 0.042836666107177734
462 0.04528403282165527
463 0.04194355010986328
464 0.043060302734375
465 0.04405045509338379
466 0.04359149932861328
467 0.04371762275695801
468 0.043932437896728516
469 0.04428219795227051
470 0.04381513595581055
471 0.043880462646484375
472 0.045068979263305664
473 0.04369950294494629
474 0.044564247131347656
475 0.044689178466796875
476 0.044531822204589844
477 0.04484295845031738
478 0.04497933387756348
479 0.044672489166259766
480 0.045101165771484375
481 0.04556632041931152
482 0.04471158981323242
483 0.04541921615600586
484 0.04571390151977539
485 0.0449068546295166
486 0.045726776123046875
487 0.04612088203430176
488 0.045186758041381836
489 0.04611849784851074
490 0.045909881591796875
491 0.04591846466064453
492 0.04609394073486328
493 0.04658961296081543
494 0.04620838165283203
495 0.04627513885498047
496 0.04673576354980469
497 0.04644441604614258
498 0.04667067527770996
499 0.050331830978393555
500 0.043239593505859375
501 0.04687094688415527
502 0.04728984832763672
503 0.047304391860961914
504 0.04700970649719238
505 0.04777383804321289
506 0.04739809036254883
507 0.0475618839263916
508 0.04773426055908203
509 0.04849576950073242
510 0.047181129455566406
511 0.048520565032958984
512 0.04732227325439453
513 0.0479586124420166
514 0.04894304275512695
515 0.047987937927246094
516 0.04839205741882324
517 0.048452138900756836
518 0.04869270324707031
519 0.0484161376953125
520 0.04914689064025879
521 0.04869437217712402
522 0.04880857467651367
523 0.04925704002380371
524 0.04873180389404297
525 0.05002927780151367
526 0.0494687557220459
527 0.04861760139465332
528 0.049654483795166016
529 0.049814701080322266
530 0.04956483840942383
531 0.049669742584228516
532 0.05047941207885742
533 0.04938960075378418
534 0.05037808418273926
535 0.050200700759887695
536 0.050064802169799805
537 0.05042099952697754
538 0.05057048797607422
539 0.05125570297241211
540 0.049829721450805664
541 0.050843238830566406
542 0.05245399475097656
543 0.04948019981384277
544 0.051137447357177734
545 0.05108499526977539
546 0.05144691467285156
547 0.05167126655578613
548 0.05171346664428711
549 0.050710201263427734
550 0.051815032958984375
551 0.051146507263183594
552 0.05176687240600586
553 0.05227994918823242
554 0.05211496353149414
555 0.052039146423339844
556 0.05239415168762207
557 0.05217456817626953
558 0.05228781700134277
559 0.05220389366149902
560 0.05291271209716797
561 0.05204629898071289
562 0.05318021774291992
563 0.053006887435913086
564 0.052817344665527344
565 0.05250096321105957
566 0.05522012710571289
567 0.051261186599731445
568 0.05499601364135742
569 0.05148148536682129
570 0.055437564849853516
571 0.05192136764526367
572 0.055203914642333984
573 0.052477359771728516
574 0.05505943298339844
575 0.05208778381347656
576 0.05571436882019043
577 0.052313804626464844
578 0.05608677864074707
579 0.052423715591430664
580 0.056581974029541016
581 0.05211782455444336
582 0.05651354789733887
583 0.05308055877685547
584 0.05661273002624512
585 0.053026437759399414
586 0.056466102600097656
587 0.05389976501464844
588 0.05662822723388672
589 0.05363273620605469
590 0.056977033615112305
591 0.05346274375915527
592 0.05782151222229004
593 0.053774118423461914
594 0.05748462677001953
595 0.054094791412353516
596 0.057702064514160156
597 0.0541071891784668
598 0.05722451210021973
599 0.05513334274291992
600 0.05682873725891113
601 0.055853843688964844
602 0.05733823776245117
603 0.05605292320251465
604 0.05782675743103027
605 0.05523395538330078
606 0.05861711502075195
607 0.05513262748718262
608 0.059456586837768555
609 0.05508017539978027
610 0.058724403381347656
611 0.05536150932312012
612 0.059252023696899414
613 0.055872201919555664
614 0.05955171585083008
615 0.05565595626831055
616 0.05953264236450195
617 0.056256771087646484
618 0.05968737602233887
619 0.056687116622924805
620 0.05937075614929199
621 0.05674028396606445
622 0.059897422790527344
623 0.05696725845336914
624 0.06038093566894531
625 0.05686163902282715
626 0.06061959266662598
627 0.05713462829589844
628 0.05915665626525879
629 0.05868864059448242
630 0.05936932563781738
631 0.05885624885559082
632 0.05988788604736328
633 0.05954146385192871
634 0.060506343841552734
635 0.05871009826660156
636 0.059902191162109375
637 0.0593724250793457
638 0.06006002426147461
639 0.05985426902770996
640 0.06007647514343262
641 0.05970048904418945
642 0.060756683349609375
643 0.06052279472351074
644 0.06109499931335449
645 0.05970931053161621
646 0.060816287994384766
647 0.06059408187866211
648 0.06081223487854004
649 0.06128406524658203
650 0.06071138381958008
651 0.0606532096862793
652 0.06173872947692871
653 0.061189889907836914
654 0.06129145622253418
655 0.061791181564331055
656 0.06157875061035156
657 0.06177997589111328
658 0.06140947341918945
659 0.06206965446472168
660 0.06217622756958008
661 0.06194591522216797
662 0.06200885772705078
663 0.062436819076538086
664 0.06221652030944824
665 0.06229686737060547
666 0.06252813339233398
667 0.06254959106445312
668 0.06328415870666504
669 0.06250810623168945
670 0.06262683868408203
671 0.0631563663482666
672 0.06319499015808105
673 0.06335258483886719
674 0.06322073936462402
675 0.06339764595031738
676 0.06334829330444336
677 0.06341409683227539
678 0.0637965202331543
679 0.0638883113861084
680 0.06390905380249023
681 0.06424975395202637
682 0.06389474868774414
683 0.0641469955444336
684 0.06396365165710449
685 0.06454324722290039
686 0.0643007755279541
687 0.06456971168518066
688 0.06462383270263672
689 0.0645747184753418
690 0.0646669864654541
691 0.06552648544311523
692 0.06483149528503418
693 0.06521725654602051
694 0.06463503837585449
695 0.0653693675994873
696 0.06552839279174805
697 0.06538653373718262
698 0.065521240234375
699 0.06594514846801758
700 0.06546401977539062
701 0.06574201583862305
702 0.06568646430969238
703 0.06660246849060059
704 0.06587338447570801
705 0.07423710823059082
706 0.05805611610412598
707 0.06666254997253418
708 0.06661725044250488
709 0.0662393569946289
710 0.06658816337585449
711 0.06671810150146484
712 0.06682944297790527
713 0.06704950332641602
714 0.0669856071472168
715 0.0672461986541748
716 0.06735682487487793
717 0.06739354133605957
718 0.06734013557434082
719 0.06742548942565918
720 0.06776928901672363
721 0.06769800186157227
722 0.06807279586791992
723 0.06774187088012695
724 0.06813979148864746
725 0.06805872917175293
726 0.06832385063171387
727 0.06823992729187012
728 0.06852436065673828
729 0.06843757629394531
730 0.06870889663696289
731 0.0686030387878418
732 0.07771825790405273
733 0.05987882614135742
734 0.06905055046081543
735 0.06901407241821289
736 0.06928563117980957
737 0.0692892074584961
738 0.06941652297973633
739 0.06942296028137207
740 0.06961297988891602
741 0.0696098804473877
742 0.06980061531066895
743 0.06980061531066895
744 0.0700235366821289
745 0.0699317455291748
746 0.0701899528503418
747 0.07012605667114258
748 0.07035589218139648
749 0.07031774520874023
750 0.07057499885559082
751 0.07050514221191406
752 0.0707404613494873
753 0.07072091102600098
754 0.07098555564880371
755 0.07091569900512695
756 0.07110929489135742
757 0.07107305526733398
758 0.07136774063110352
759 0.0713355541229248
760 0.07155585289001465
761 0.07150864601135254
762 0.07168769836425781
763 0.07168984413146973
764 0.07185649871826172
765 0.07187342643737793
766 0.07205510139465332
767 0.0720365047454834
768 0.07227492332458496
769 0.07225441932678223
770 0.07242608070373535
771 0.07242608070373535
772 0.07267904281616211
773 0.07259082794189453
774 0.07279324531555176
775 0.07278800010681152
776 0.07303619384765625
777 0.0730140209197998
778 0.07327485084533691
779 0.07323074340820312
780 0.07343554496765137
781 0.07335805892944336
782 0.07361698150634766
783 0.07355070114135742
784 0.07375073432922363
785 0.07374024391174316
786 0.0739438533782959
787 0.07390975952148438
788 0.07415437698364258
789 0.07415199279785156
790 0.07436537742614746
791 0.07434248924255371
792 0.07453751564025879
793 0.07449793815612793
794 0.0747532844543457
795 0.07471799850463867
796 0.07491302490234375
797 0.07489681243896484
798 0.07512855529785156
799 0.07509160041809082
800 0.07526350021362305
801 0.07528567314147949
802 0.07543468475341797
803 0.07542943954467773
804 0.07565736770629883
805 0.07564735412597656
806 0.07584261894226074
807 0.0758364200592041
808 0.0760338306427002
809 0.07602882385253906
810 0.07618951797485352
811 0.07619547843933105
812 0.07644271850585938
813 0.07636332511901855
814 0.07658028602600098
815 0.07655978202819824
816 0.07677292823791504
817 0.0767371654510498
818 0.07701611518859863
819 0.07696938514709473
820 0.07719874382019043
821 0.07713150978088379
822 0.07733774185180664
823 0.07738089561462402
824 0.07753300666809082
825 0.07748746871948242
826 0.07776856422424316
827 0.07768583297729492
828 0.07787585258483887
829 0.07797431945800781
830 0.07810568809509277
831 0.07805371284484863
832 0.07828426361083984
833 0.07819032669067383
834 0.07846498489379883
835 0.07843589782714844
836 0.0786736011505127
837 0.07868099212646484
838 0.07883977890014648
839 0.07880020141601562
840 0.07906818389892578
841 0.07904052734375
842 0.07922840118408203
843 0.07919716835021973
844 0.07943940162658691
845 0.07938838005065918
846 0.07961702346801758
847 0.07962512969970703
848 0.07982230186462402
849 0.07973885536193848
850 0.07993817329406738
851 0.08001232147216797
852 0.08011841773986816
853 0.08016538619995117
854 0.08029556274414062
855 0.08037590980529785
856 0.08058452606201172
857 0.08057999610900879
858 0.08071255683898926
859 0.08072113990783691
860 0.08088135719299316
861 0.08115029335021973
862 0.08106756210327148
863 0.08111810684204102
864 0.08127045631408691
865 0.08131122589111328
866 0.08143734931945801
867 0.08157491683959961
868 0.08163833618164062
869 0.0816965103149414
870 0.08183622360229492
871 0.0818948745727539
872 0.08203125
873 0.08206510543823242
874 0.08224201202392578
875 0.08227753639221191
876 0.08242273330688477
877 0.08241939544677734
878 0.08257722854614258
879 0.08260607719421387
880 0.0828087329864502
881 0.0828237533569336
882 0.08294558525085449
883 0.08301067352294922
884 0.083160400390625
885 0.08319783210754395
886 0.08331561088562012
887 0.08334732055664062
888 0.08354043960571289
889 0.08358263969421387
890 0.08371186256408691
891 0.08374834060668945
892 0.08392572402954102
893 0.08399057388305664
894 0.08412551879882812
895 0.0841529369354248
896 0.08424806594848633
897 0.08430123329162598
898 0.08447933197021484
899 0.08449339866638184
900 0.08459663391113281
901 0.08471965789794922
902 0.08481335639953613
903 0.08493685722351074
904 0.0850687026977539
905 0.08507013320922852
906 0.08519268035888672
907 0.08526134490966797
908 0.08539438247680664
909 0.0854942798614502
910 0.08560705184936523
911 0.08571219444274902
912 0.08576345443725586
913 0.0858299732208252
914 0.08595466613769531
915 0.08604860305786133
916 0.0861518383026123
917 0.0862128734588623
918 0.08635115623474121
919 0.08638119697570801
920 0.08652138710021973
921 0.08660054206848145
922 0.08672618865966797
923 0.08681058883666992
924 0.08691787719726562
925 0.08699321746826172
926 0.08711528778076172
927 0.08734488487243652
928 0.08730697631835938
929 0.08732748031616211
930 0.08744668960571289
931 0.08750605583190918
932 0.08766627311706543
933 0.08776497840881348
934 0.08779168128967285
935 0.08794641494750977
936 0.0880284309387207
937 0.08814454078674316
938 0.0882570743560791
939 0.08825922012329102
940 0.08841180801391602
941 0.08842706680297852
942 0.08867669105529785
943 0.0886693000793457
944 0.08879899978637695
945 0.0888817310333252
946 0.08902740478515625
947 0.08904480934143066
948 0.08918881416320801
949 0.08916473388671875
950 0.0894005298614502
951 0.08946871757507324
952 0.08952617645263672
953 0.08956646919250488
954 0.08980011940002441
955 0.08974790573120117
956 0.08997821807861328
957 0.08997988700866699
958 0.09008955955505371
959 0.09015321731567383
960 0.09035801887512207
961 0.09034991264343262
962 0.09050154685974121
963 0.09056663513183594
964 0.09067368507385254
965 0.09069561958312988
966 0.09085750579833984
967 0.09091854095458984
968 0.09102511405944824
969 0.0910499095916748
970 0.09124350547790527
971 0.09122753143310547
972 0.09142637252807617
973 0.0915229320526123
974 0.0915822982788086
975 0.09166860580444336
976 0.09179377555847168
977 0.09187793731689453
978 0.09198951721191406
979 0.09212160110473633
980 0.09220647811889648
981 0.09226131439208984
982 0.0923764705657959
983 0.0924222469329834
984 0.09251856803894043
985 0.09258723258972168
986 0.09271812438964844
987 0.09281039237976074
988 0.09291410446166992
989 0.09299278259277344
990 0.09306836128234863
991 0.09317636489868164
992 0.09328174591064453
993 0.09346938133239746
994 0.09348869323730469
995 0.09354305267333984
996 0.09368419647216797
997 0.09373164176940918
998 0.09390735626220703
999 0.09389448165893555
1000 0.09402585029602051
